{
  "loss": 0.15405339679934762,
  "auroc": 0.9836032331482437,
  "auprc": 0.9730892109469789,
  "cell_acc": 0.9960705830668977,
  "cell_f1": 0.9935457899432301
}